8251
7796
4358
4358
8251
4794
4660
2813
4358
4337
8251
1837
4660
600
1548
1206
4358
4358
8251
3562
4660
1959
1548
1548
1494
1484
4358
4358
8251
2852
8050
2850
4660
2042
1548
1548
1494
1464
4358
4358
8251
4470
8050
4440
4660
3038
4647
3044
1548
1548
1494
1494
4358
0
8251
2411
8050
2388
4668
959
4660
950
4647
956
1548
389
1494
386
4358
4358
8251
2328
8050
2307
4668
867
4660
870
4647
874
3645
719
1548
380
1494
377
4358
4358
8251
1005
8050
977
4668
1342
4660
123
4647
126
3645
34
1548
420
1494
12
1067
10
4358
4358
8251
3565
8050
3540
6839
3152
4668
2476
4660
2476
4647
2481
3645
2345
1548
1548
1494
1494
1067
1067
4358
0
