5802
4967
1450
1450
5802
4210
891
876
1450
1430
8078
4226
5802
3030
891
794
1450
1450
8078
5254
5802
3117
4890
2770
891
881
1450
1450
8078
4834
5802
2960
4890
2641
4394
2520
891
871
1450
1450
8078
4551
5802
3331
4890
2988
4453
2884
4394
2879
891
891
1450
0
9235
2544
8078
2061
5802
1056
4890
809
4453
695
4394
699
891
146
1450
1450
9235
1902
8568
1681
8078
1550
5802
902
4890
690
4453
614
4394
608
891
91
1450
1450
9235
1728
8568
1430
8078
1385
6292
878
5802
755
4890
608
4453
532
4394
535
891
91
1450
1450
9235
3622
8568
2400
8078
3189
6292
1847
5975
1840
5802
1838
4890
1740
4453
1700
4394
1682
891
884
1450
0
