7143
6945
2958
2958
7143
6498
1027
1027
2958
2958
7143
6276
1027
1027
808
808
2958
2832
7143
5025
7052
5015
1027
1027
808
808
2958
0
7143
3424
7052
3373
3252
1959
1027
1017
808
808
2958
2958
7143
4169
7052
4157
4196
3046
3252
2769
1027
1027
808
808
2958
0
7143
1232
7052
1233
4196
644
3252
436
1027
118
924
397
808
394
2958
2958
7420
1289
7143
1247
7052
1260
4196
665
3252
453
1027
93
924
388
808
385
2958
2958
7420
1145
7143
1104
7052
1122
4380
579
4196
554
3252
382
1027
84
924
388
808
388
2958
2958
7420
3450
7143
3396
7052
3387
4380
2677
4196
2642
3252
2471
1535
1535
1027
1027
924
924
808
808
2958
0
7143
4260
2958
2958
7143
6516
1027
1027
2958
2958
7143
4060
1027
1017
808
808
2958
2958
7143
5025
7052
5015
1027
1027
808
808
2958
0
7143
3424
7052
3373
3252
1959
1027
1017
808
808
2958
2958
7143
4020
7052
3973
4196
2933
3252
2715
1027
1027
808
808
2958
0
7143
2346
7052
2334
4196
1223
3252
952
1027
397
924
395
808
385
2958
2958
7420
1800
7143
1756
7052
1740
4196
976
3252
766
1027
324
924
312
808
303
2958
2958
7420
1636
7143
1582
7052
1570
4380
863
4196
830
3252
657
1027
288
924
276
808
275
2958
2958
7420
3450
7143
3396
7052
3387
4380
2677
4196
2642
3252
2471
1535
1535
1027
1027
924
924
808
808
2958
0
