7509
7320
6077
6077
9097
5299
7509
4565
6077
5772
9097
3625
7509
2894
6096
2348
6077
6061
9097
5341
7509
4192
6096
3614
5562
3468
6077
0
9097
5049
7509
3890
6096
3304
5562
3156
5495
3157
6077
0
9097
4000
8970
3986
7509
3497
6096
3085
5562
2965
5495
2965
6077
0
9178
1625
9097
1617
8970
1603
7509
1287
6096
969
5562
868
5495
868
6077
6059
9178
1970
9097
446
8970
380
8317
380
7509
475
6096
1444
5562
110
5495
102
6077
6077
9178
1952
9097
456
8970
380
8317
369
7509
465
6096
1417
5562
110
5495
91
1289
6
6077
6077
9178
3096
9097
3048
8970
3057
8317
2937
7509
2791
6096
2568
5562
2354
5495
2453
2757
2136
1289
1279
6077
0
