1763
1603
5124
5124
8904
6010
1763
1645
5124
1406
8904
1242
5780
2963
1763
34
5124
5124
8904
4706
5780
5508
2025
1944
1763
1733
5124
5124
8904
4325
6430
2421
5780
4992
2025
1952
1763
1695
5124
5124
8904
4785
7028
3498
6430
3204
5780
3256
2025
1954
1763
1683
5124
2
8904
2038
7967
1681
7028
1365
6430
1214
5780
1073
2025
346
1763
311
5124
5124
8904
712
7967
2293
7028
535
6430
380
5780
1694
2025
12
1763
10
1302
8
5124
5124
8904
1823
7967
1471
7028
1137
6670
1054
6430
1022
5780
899
2025
301
1763
265
1302
209
5124
5124
8904
3824
7967
3362
7028
2950
6670
2865
6430
2830
5780
2708
3497
2349
2025
2025
1763
1763
1302
1302
5124
0
