8251
8251
4358
1406
8251
6330
4660
4245
4358
0
8251
3212
4660
2039
1548
1548
4358
4358
8251
6241
4660
3878
1548
1548
1494
1494
4358
1
8251
4191
8050
4158
4660
2766
1548
1548
1494
1494
4358
1
8251
3396
8050
3375
4660
1973
4647
1970
1548
1248
1494
1244
4358
1
8251
4289
8050
4256
4668
2827
4660
2828
4647
2825
1548
1548
1494
1494
4358
1366
8251
4133
8050
4106
4668
2676
4660
2669
4647
2673
3645
2527
1548
1548
1494
1494
4358
2177
8251
1828
8050
1801
4668
2826
4660
1319
4647
1308
3645
1334
1548
1548
1494
1221
1067
1058
4358
4358
8251
2285
8050
2222
6839
1863
4668
1261
4660
1240
4647
1247
3645
1129
1548
840
1494
822
1067
801
4358
0
