1763
1762
5124
3942
8904
8068
1763
1763
5124
2066
8904
6435
5780
4547
1763
1763
5124
2157
8904
6636
5780
4320
2025
2025
1763
1763
5124
400
8904
4037
6430
2111
5780
4558
2025
1657
1763
1626
5124
5124
8904
3462
7028
2222
6430
2177
5780
2552
2025
1334
1763
1292
5124
2
8904
4034
7967
3669
7028
3352
6430
3201
5780
3060
2025
2025
1763
1763
5124
2869
8904
2583
7967
3777
7028
1770
6430
1802
5780
3164
2025
1597
1763
1732
1302
1282
5124
5124
8904
3685
7967
3325
7028
3000
6670
2908
6430
2876
5780
2765
2025
2025
1763
1763
1302
1302
5124
772
8904
2710
7967
2238
7028
1827
6670
1751
6430
1705
5780
1593
3497
1232
2025
1031
1763
996
1302
949
5124
0
