7143
7143
2958
152
7143
7141
1027
985
2958
1446
7143
7092
1027
1027
808
808
2958
131
7143
3055
7052
3005
1027
1020
808
808
2958
2958
7143
2700
7052
2507
3252
1512
1027
1027
808
808
2958
2958
7143
3615
7052
3609
4196
2492
3252
2216
1027
1027
808
808
2958
400
7143
2673
7052
2647
4196
2050
3252
2158
1027
1019
924
924
808
808
2958
2958
7420
3691
7143
3603
7052
3585
4196
2814
3252
2598
1027
1027
924
924
808
808
2958
1781
7420
3529
7143
3445
7052
3435
4380
2704
4196
2680
3252
2507
1027
1027
924
924
808
808
2958
1614
7420
2193
7143
2149
7052
2139
4380
1420
4196
1394
3252
1223
1535
947
1027
872
924
866
808
808
2958
0
