5802
4811
1450
1450
5802
5577
891
881
1450
834
8078
6195
5802
3728
891
881
1450
1450
8078
5158
5802
3116
4890
2783
891
871
1450
1450
8078
4308
5802
2574
4890
2233
4394
2014
891
871
1450
1450
8078
3846
5802
2601
4890
2209
4453
2145
4394
2130
891
891
1450
0
9235
4531
8078
4048
5802
3109
4890
2851
4453
2748
4394
2742
891
891
1450
1106
9235
3765
8568
3544
8078
3416
5802
2765
4890
2553
4453
2468
4394
2471
891
891
1450
1103
9235
3354
8568
3132
8078
3011
6292
2513
5802
2409
4890
2237
4453
2167
4394
2161
891
891
1450
1189
9235
2564
8568
1846
8078
2139
6292
1286
5975
1227
5802
1207
4890
1095
4453
1053
4394
1035
891
738
1450
2
